0 2144.163705897082 907.5440878157958 20.691036685589552 11.005870577441101
0 2163.534038113378 882.6708203107789 13.647279516027083 19.370332216296333
0 2157.59086800156 928.4552419129341 18.489862570101195 11.44610540053884
0 2211.959868654119 968.2964934032709 12.766809869831377 15.408218808417587
0 2252.893518518519 918.9814814814819 15.046296296296077 19.675925925925867
0 2222.7044753086434 702.4016203703709 10.609567901234186 10.127314814814895
0 2216.194058641977 691.3097993827165 11.091820987654046 11.091820987654273
1 2203.414351851853 682.8703703703709 13.50308641975289 19.290123456790184
0 2201.726466049384 706.7418981481486 13.020833333333485 10.127314814814781
0 2190.8757716049395 719.521604938272 11.57407407407436 13.503086419753117
0 2202.6909722222235 719.2804783950621 8.198302469135797 10.127314814814895
0 2178.578317901236 742.1875000000005 9.162808641975062 11.574074074074133
0 2167.9687500000014 751.8325617283956 11.0918209876545 11.57407407407402
0 2188.354477439623 620.3084751375062 24.089649519903105 12.044824759951553
0 2166.166642355502 620.6254442101365 12.678762905212352 8.875134033648578
0 2141.80652006173 658.0745241769553 13.261959876543187 14.869470164609083
0 2196.4699074074088 1302.9513888888896 16.78240740740739 12.152777777777828
0 2190.682870370372 1285.8796296296305 22.569444444444343 17.361111111111086
0 2187.083333333334 1049.166666666667 25.833333333333485 28.333333333333258
0 2142.916666666667 1049.5833333333335 44.16666666666697 19.166666666666515
1 2175.833333333334 1084.5833333333335 40.0 17.5
1 2239.5766795766795 946.7232261321936 47.164998007389386 5.325080420189124
0 2275.520972412957 925.2327230078591 24.723587665163905 19.652082503078873
1 2285.030044591866 847.5753002134345 36.13447427985466 15.21451548625464
1 2159.583333333334 588.3333333333335 59.166666666666515 21.66666666666663
1 464.468728764381 1772.9779186442233 52.58136552049598 180.74844397670495
1 426.12814973901936 2003.5691153538983 170.8894379416119 203.75279139192185
1 520.0000000000001 1910.0000000000005 188.33333333333331 50.00000000000023
1 694.9229948346797 688.4568257530215 41.83991758720026 21.300321680756497
1 491.307134082134 1250.4505987842942 51.485920405485615 29.577018105278967
1 462.8255610918653 1295.9115710572228 44.9132497154236 30.672463220289274
1 502.80930778974243 1305.7705770923158 61.34492644057855 43.81780460041341
1 527.4568228774749 1352.326994480255 44.91324971542366 51.48592040548556
0 529.8000000000001 1384.8000000000002 20.40000000000009 38.40000000000009
0 2469.4838316700925 1450.4569678828807 29.97137834668274 23.661614484223264
1 2461.596626842018 1506.4561221622089 93.06901697127796 25.239055449837906
1 2384.3020195268887 1551.413189682233 39.436024140371956 111.99830855865639
1 588.3854801743496 1439.4148811235766 25.23905544983802 118.30807242111587
1 574.9772319666232 1535.638780026084 140.39224593972426 29.971378346682513
1 429.85266313005434 1647.6370885847405 48.90066993406123 17.35185062176356
0 421.17673781917256 1595.5815367194496 31.548819312297553 45.74578800283143
1 474.021010167271 1595.5815367194496 83.60437117758858 4.732322896844835
0 591.5403621055793 1717.0444910717952 18.929291587378543 17.351850621763788
1 597.850125968039 1586.905611408568 132.5050411116498 44.16834703721656
1 716.9469188719622 1535.638780026084 29.971378346682627 45.74578800283166
0 662.5252055582489 1524.59669326678 44.16834703721668 42.590906071601694
1 612.0038854345921 1050.1819314387253 64.66169081658222 17.496692809192837
1 581.1944915749265 951.6679436652265 19.778870132131033 39.557740264262065
0 615.046788531843 798.0013372540549 11.41088661469098 7.60725774312732
1 2073.6776027145584 793.6499858249855 201.561901161901 101.87639569596081
0 540.0 1459.2000000000003 16.800000000000068 16.799999999999955
