0 2187.0561721181293 702.1803187216232 55.86770086552724 50.39047529047525
0 2228.1353639310155 663.3139260410564 29.97137834668274 14.196968690533936
0 2157.6000000000004 618.6000000000001 26.40000000000009 22.800000000000068
0 2016.0000000000007 720.6000000000001 38.40000000000009 51.60000000000002
1 2104.800000000001 756.6000000000003 81.59999999999991 15.599999999999909
1 2129.4000000000005 774.0000000000002 34.79999999999973 12.0
1 2214.6248741792215 862.6630280706366 60.24948132556847 49.295030175464944
1 2207.3219067458194 893.2442041980084 105.89302778433193 6.390096504226904
1 2236.5337764794285 744.4462427424382 32.863353450310115 28.29899880443361
1 2259.0 1003.8000000000002 75.59999999999991 27.600000000000023
1 2247.6000000000004 1030.8000000000002 52.80000000000018 2.400000000000091
1 2153.4000000000005 982.2000000000002 116.40000000000009 85.20000000000005
1 2072.4 860.4000000000001 131.99999999999977 31.199999999999932
1 2060.4000000000005 910.2 110.40000000000009 44.39999999999998
1 2152.2 1057.8 92.40000000000009 1.199999999999818
1 2094.0 950.4 52.80000000000018 24.0
1 2031.0000000000005 962.4000000000001 61.200000000000045 40.80000000000007
1 2210.4000000000005 909.0000000000002 84.0 8.399999999999977
1 2073.6000000000004 718.8000000000002 43.19999999999982 26.399999999999977
1 2295.600000000001 1126.2000000000003 43.19999999999982 3.6000000000001364
1 2234.4000000000005 1137.0000000000005 91.20000000000027 3.6000000000001364
1 2208.234777674995 1169.3876602735297 100.41580220928063 1.8257418583507388
1 2206.409035816644 1201.3381427946645 67.55244875897051 40.16632088371216
1 653.8492802473671 1538.7936619573138 48.90066993406117 96.22389890250747
1 677.4305555555557 1238.5416666666667 50.69444444444446 21.52777777777783
1 630.9763862459513 1239.496147634191 63.535816670599274 55.86770086552701
1 924.5556770687203 1466.2532864413297 46.008694830434024 64.63126178560947
1 952.4895275014837 1441.6057713535972 18.622566955175557 59.15403621055793
1 811.177107665151 1488.7099112990413 44.9132497154236 48.19958506045464
1 778.313754214841 1431.746765318504 27.386127875258353 24.099792530227433
1 776.1228639848202 1439.4148811235764 55.8677008655269 37.24513391035134
1 702.530252577807 1303.1232513977081 55.53298152482944 16.735967034880105
1 759.5846856512619 1228.1917626279042 47.925723781702004 15.975241260567373
1 793.056619721022 1245.3080925499405 32.71120829544748 16.735967034880105
1 697.5855350447742 1191.676925460893 53.25080420189124 26.62540210094562
1 665.9393428333644 1013.2867313845574 26.473256946083097 23.734644158557103
1 702.4541800003756 1029.7184081097123 46.556417387939064 9.128709291752784
1 759.9650485384179 1041.585730188991 50.2079011046402 9.128709291752784
1 700.1720026774374 990.0085226905878 94.93857663422887 53.85938482134134
1 792.3719665241404 1000.0501029115159 60.24948132556824 41.07919181288753
1 707.018534646252 966.2738785320306 20.99603137103145 37.42770809618628
1 670.0472620146533 948.4728954131126 38.34057902536165 12.78019300845392
1 2232.0 1385.4 91.19999999999982 3.6000000000001364
1 2221.8 1413.6 61.20000000000027 38.40000000000009
1 743.763415287415 866.8038106053756 93.06901697127785 11.042086759304084
1 815.4166666666669 1141.2500000000002 67.5 7.5
1 818.7500000000002 1147.916666666667 70.83333333333337 19.166666666666742
0 739.4254526319744 1068.9718580642495 71.20393247567165 23.73464415855733
1 2367.0 1518.0 46.80000000000018 7.2000000000000455
1 2360.3999999999996 1534.1999999999998 45.59999999999991 13.200000000000045
1 2296.491139107661 1008.2476838555101 86.75925310881848 57.83950207254554
1 2303.721076866729 1043.0828385128389 85.44471897080575 24.97614862223577
1 847.2172519489912 595.4839645196168 53.89589965850837 49.9522972444712
1 749.2844586670675 743.3690550460117 28.919751036272828 6.572670690061955
1 798.5794888425324 776.2324084963218 130.1388796632275 40.75055827838435
1 788.7204828074395 784.7768803934023 31.54881931229761 18.403477932173587
1 798.5794888425324 651.3516653851437 93.33192379888033 22.34708034621076
1 816.982966774706 602.0566352096788 27.605216898260437 36.806955864347174
1 845.9027178109789 640.1781252120384 22.34708034621076 31.54881931229761
1 825.5274386717867 646.0935288330942 21.03254620819837 48.637763106458806
1 826.1847057407929 675.0132798693669 32.86335345030989 35.49242172633478
1 922.8029648847042 544.2171331371333 36.806955864347174 57.839502072545656
1 965.5253243701072 596.7984986576291 27.605216898260437 60.468570348570324
1 982.6142681642684 624.4037155558897 46.00869483043391 47.323228968446415
1 726.2801112518505 807.7812278086193 59.15403621055805 24.97614862223554
1 2255.740580829276 1538.7936619573138 69.4074024870547 52.055551865291136
1 2262.839065174543 1493.0478739544824 48.90066993406117 52.05555186529091
1 2307.796132694567 1501.7237992653643 37.858583174757314 6.3097638624594765
1 2267.136 1604.4479999999999 6.912000000000262 39.743999999999915
1 2274.1440587614497 1667.8151876032312 8.76356092008291 42.722359485402876
1 2294.9575159466463 1663.4334071431897 28.481572990268432 23.004347415217126
1 2370.5432288823595 1565.9387919072701 61.34492644057855 71.20393247567154
1 2272.5008910889346 1278.9321717745631 49.295030175464944 69.01304224565092
1 1015.1999999999998 1464.4799999999998 20.159999999999968 23.039999999999964
1 1040.3999999999996 1446.4799999999996 41.75999999999999 44.6400000000001
1 2339.0 1260.0 18 20
1 2313.0 1239.0 36 14
1 1069.3735212730862 505.4383760657672 56.52496793453315 40.7505582783844
1 1082.5 541.5 23 23
1 974.9461523591958 548.8180026201765 39.436024140371956 13.145341380124023
1 1005.6186155794851 566.3451244603418 32.86335345031 19.718012070185978
1 937.7010184488445 702.180318721623 56.96314598053732 8.763560920082682
1 951.3940823864737 720.8028856767987 75.58571293571299 28.48157299026866
1 930.2399999999998 774.7199999999998 72.0 48.95999999999992
1 1000.0799999999997 742.3199999999998 38.879999999999995 30.24000000000001
1 1047.6 754.5599999999998 27.3599999999999 37.440000000000055
1 1074.2399999999998 704.1599999999999 31.679999999999836 28.799999999999955
1 1010.8799999999999 679.6799999999998 72.00000000000011 48.960000000000036
1 961.9199999999998 685.4399999999998 37.43999999999994 8.639999999999986
1 988.5599999999998 710.6399999999999 41.75999999999999 27.3599999999999
1 853.9199999999998 696.2399999999999 31.680000000000064 36.0
1 851.0399999999997 740.8799999999999 69.12 33.120000000000005
1 766.7999999999998 703.4399999999998 47.51999999999998 36.0
1 1007.2799999999997 473.7599999999999 27.360000000000014 23.04000000000002
1 2134.771199999999 1483.6607999999992 31.103999999999814 31.104000000000042
1 2162.764799999999 1516.8383999999992 37.32480000000032 31.104000000000042
1 2191.7951999999987 1550.0159999999992 53.913600000000315 39.39840000000004
1 2168.985599999999 1438.0415999999993 53.91359999999986 101.60640000000012
0 1998.950399999999 1206.8351999999995 45.61920000000009 70.50240000000008
1 2063.231999999999 621.0431999999996 62.207999999999856 43.545600000000036
1 1060.6463999999996 650.0735999999997 26.956800000000158 55.98720000000003
1 973.5551999999996 913.4207999999996 51.84000000000003 43.545600000000036
1 610.8000000000002 1375.8000000000002 57.60000000000002 32.40000000000009
1 600.0000000000001 1459.8000000000002 48.0 46.799999999999955
1 924.4800000000001 1219.968 58.75199999999995 62.208000000000084
1 2013.1200000000008 797.7600000000003 31.680000000000064 46.07999999999993
1 2039.0400000000009 666.7200000000003 63.3599999999999 31.680000000000064
1 1969.9200000000008 695.5200000000003 60.48000000000002 31.680000000000064
1 1991.520000000001 708.4800000000002 23.039999999999964 5.760000000000105
1 2080.800000000001 797.7600000000003 40.320000000000164 23.039999999999964
1 2213.280000000001 1100.1600000000005 23.039999999999964 25.920000000000073
1 2122.560000000001 962.6400000000003 48.960000000000036 44.639999999999986
1 2303.1733543092237 915.153106498215 25.560386016907614 13.693063937629063
1 2269.8535653943263 806.0650304617695 61.16235225474384 41.992062742062785
1 2268.0278235359756 801.0442403513055 30.124740662784006 30.12474066278412
1 1003.6468143724667 1415.753266639354 30.23428517428522 23.661614484223037
