0 526.7275776 2789.5062528000003 71.66361599999999 89.57952000000023
1 3626.1789696000005 2762.6323968000006 222.1572096 35.831808000000365
0 3332.3581440000007 1959.9998976000002 207.8244864000003 100.32906239999988
1 3459.5610624000005 2189.3234688000002 182.7422207999998 28.66544640000029
0 3359.5706709279484 2059.1283388750408 163.54907931495063 84.046054647961
0 3291.425221213385 2101.151366199021 208.97937912465977 109.03271954330035
1 3675.746304000005 2527.635456000003 113.46739200000002 2.9859839999999167
1 3501.5857881330967 2567.7205452447274 114.48435552046567 65.41963172598025
0 3170.656340885911 2033.0059164844588 98.43231625436874 155.22019101650403
0 3276.660373775231 2222.298832358245 68.14544971456326 53.00201644466006
0 849.9251922732963 2339.660440199987 64.35959139708712 41.644441492232545
0 942.678721051451 2338.713975620618 90.86059961941703 51.10908728592176
0 1041.1110373058195 2245.960446842463 98.4323162543684 62.46666223834927
0 849.9251922732963 2239.3351947868805 75.71716634951417 41.644441492233
0 774.2080259237821 2276.2473133822687 68.14544971456269 51.10908728592176
0 3190.5239039999988 2269.347839999999 152.2851840000003 71.66361599999982
1 3499.573247999999 2333.546495999999 280.6824959999999 20.90188799999987
0 3626.4775679999984 2578.397183999999 44.789760000000115 50.7617280000004
1 3808.622591999999 2730.682367999999 80.62156800000002 20.90188799999987
1 3819.931042332989 2759.8907134397905 45.430299809708686 0.0
1 731.5660799999997 2441.041919999999 274.71052799999984 32.84582399999999
1 691.2552959999997 2548.537343999999 289.6404479999999 98.53747199999998
0 3611.163671274112 2936.0330718619953 188.4085393708233 109.90498129964726
