1 969.2006399999996 2200.919039999999 77.13792000000001 12.441599999999653
1 3349.2787199999984 2016.783359999999 84.60287999999991 7.464960000000019
1 3405.2659199999985 2330.311679999999 77.13792000000012 22.394880000000285
1 3467.4739199999985 2484.587519999999 72.16128000000026 12.441600000000108
1 3246.013439999999 1501.7011199999993 72.1612799999998 7.464960000000019
1 3293.913599999999 1687.9103999999998 55.98720000000003 41.47199999999998
1 3375.8207999999995 2120.256 95.38560000000007 14.515199999999822
1 3369.6 2089.152 91.23840000000018 39.39840000000004
1 1085.784165452033 1199.359914976304 118.11877950524195 9.0860599619416
1 3441.34521058542 2443.7715439305703 136.2908994291256 37.858583174757314
